0 86
1 103
2 101
3 103
4 101
5 86
6 255
7 255
8 10
9 1
10 0
11 103
12 10
13 1
14 0
15 100
16 2
17 0
18 2
19 2
20 0
21 0
22 255
23 255
24 255
25 255
26 255
27 255
28 255
29 255
30 255
31 255
32 255
33 255
34 255
35 255
36 255
37 255
38 255
39 255
40 255
41 255
42 255
43 255
44 255
45 255
46 255
47 255
48 255
49 255
50 255
51 255
52 255
53 255
54 255
55 255
56 255
57 255
58 255
59 255
60 255
61 255
62 255
63 255
64 1
65 78
66 84
67 49
68 49
69 49
70 53
71 0
72 1
73 78
74 84
75 49
76 49
77 54
78 49
79 0
80 2
81 78
82 84
83 49
84 49
85 50
86 48
87 0
88 2
89 78
90 84
91 49
92 49
93 50
94 49
95 0
96 3
97 78
98 84
99 49
100 49
101 54
102 51
103 0
104 4
105 78
106 84
107 49
108 49
109 50
110 50
111 0
112 5
113 78
114 84
115 49
116 49
117 49
118 55
119 0
120 5
121 78
122 84
123 49
124 49
125 54
126 53
127 0
128 255
129 255
130 255
131 255
132 255
133 255
134 255
135 255
136 255
137 255
138 255
139 255
140 255
141 255
142 255
143 255
144 255
145 255
146 255
147 255
148 255
149 255
150 255
151 255
152 255
153 255
154 255
155 255
156 255
157 255
158 255
159 255
160 255
161 255
162 255
163 255
164 255
165 255
166 255
167 255
168 255
169 255
170 255
171 255
172 255
173 255
174 255
175 255
176 255
177 255
178 255
179 255
180 255
181 255
182 255
183 255
184 255
185 255
186 255
187 255
188 255
189 255
190 255
191 255
192 255
193 255
194 255
195 255
196 255
197 255
198 255
199 255
200 255
201 255
202 255
203 255
204 255
205 255
206 255
207 255
208 255
209 255
210 255
211 255
212 255
213 255
214 255
215 255
216 255
217 255
218 255
219 255
220 255
221 255
222 255
223 255
224 255
225 255
226 255
227 255
228 255
229 255
230 255
231 255
232 255
233 255
234 255
235 255
236 255
237 255
238 255
239 255
240 255
241 255
242 255
243 255
244 255
245 255
246 255
247 255
248 255
249 255
250 255
251 255
252 255
253 255
254 255
255 255
256 255
257 255
258 255
259 255
260 255
261 255
262 255
263 255
264 255
265 255
266 255
267 255
268 255
269 255
270 255
271 255
272 255
273 255
274 255
275 255
276 255
277 255
278 255
279 255
280 255
281 255
282 255
283 255
284 255
285 255
286 255
287 255
288 255
289 255
290 255
291 255
292 255
293 255
294 255
295 255
296 255
297 255
298 255
299 255
300 255
301 255
302 255
303 255
304 255
305 255
306 255
307 255
308 255
309 255
310 255
311 255
312 255
313 255
314 255
315 255
316 255
317 255
318 255
319 255
320 255
321 255
322 255
323 255
324 255
325 255
326 255
327 255
328 255
329 255
330 255
331 255
332 255
333 255
334 255
335 255
336 255
337 255
338 255
339 255
340 255
341 255
342 255
343 255
344 255
345 255
346 255
347 255
348 255
349 255
350 255
351 255
352 0
353 0
354 0
355 0
356 0
357 0
358 0
359 0
360 0
361 0
362 0
363 0
364 0
365 0
366 0
367 0
368 0
369 0
370 0
371 0
372 0
373 0
374 0
375 0
376 0
377 0
378 0
379 0
380 0
381 0
382 0
383 0
384 0
385 0
386 0
387 0
388 0
389 0
390 0
391 0
392 0
393 0
394 0
395 0
396 0
397 0
398 0
399 0
400 0
401 0
402 0
403 0
404 0
405 0
406 0
407 0
408 0
409 0
410 0
411 0
412 0
413 0
414 0
415 0
416 0
417 0
418 0
419 0
420 0
421 0
422 0
423 0
424 0
425 0
426 0
427 0
428 0
429 0
430 0
431 0
432 0
433 0
434 0
435 0
436 0
437 0
438 0
439 0
440 0
441 0
442 0
443 0
444 0
445 0
446 0
447 0
448 0
449 0
450 0
451 0
452 0
453 0
454 0
455 0
456 0
457 0
458 0
459 0
460 0
461 0
462 0
463 0
464 0
465 0
466 0
467 0
468 0
469 0
470 0
471 0
472 0
473 0
474 0
475 0
476 0
477 0
478 0
479 0
480 0
481 0
482 0
483 0
484 0
485 0
486 0
487 0
488 0
489 0
490 0
491 0
492 0
493 0
494 0
495 0
496 0
497 0
498 0
499 0
500 0
501 0
502 0
503 0
504 0
505 0
506 0
507 0
508 0
509 0
510 0
511 0
512 0
513 0
514 0
515 0
516 0
517 0
518 0
519 0
520 0
521 0
522 0
523 0
524 0
525 0
526 0
527 0
528 0
529 0
530 0
531 0
532 0
533 0
534 0
535 0
536 0
537 0
538 0
539 0
540 0
541 0
542 0
543 0
544 0
545 0
546 0
547 0
548 0
549 0
550 0
551 0
552 0
553 0
554 0
555 0
556 0
557 0
558 0
559 0
560 0
561 0
562 0
563 0
564 0
565 0
566 0
567 0
568 0
569 0
570 0
571 0
572 0
573 0
574 0
575 0
576 0
577 0
578 0
579 0
580 0
581 0
582 0
583 0
584 0
585 0
586 0
587 0
588 0
589 0
590 0
591 0
592 0
593 0
594 0
595 0
596 0
597 0
598 0
599 0
600 0
601 0
602 0
603 0
604 0
605 0
606 0
607 0
608 0
609 0
610 0
611 0
612 0
613 0
614 0
615 0
616 0
617 0
618 0
619 0
620 0
621 0
622 0
623 0
624 0
625 0
626 0
627 0
628 0
629 0
630 0
631 0
632 0
633 0
634 0
635 0
636 0
637 0
638 0
639 0
640 0
641 0
642 0
643 0
644 0
645 0
646 0
647 0
648 0
649 0
650 0
651 0
652 0
653 0
654 0
655 0
656 0
657 0
658 0
659 0
660 0
661 0
662 0
663 0
664 0
665 0
666 0
667 0
668 0
669 0
670 0
671 0
672 0
673 0
674 0
675 0
676 0
677 0
678 0
679 0
680 0
681 0
682 0
683 0
684 0
685 0
686 0
687 0
688 0
689 0
690 0
691 0
692 0
693 0
694 0
695 0
696 0
697 0
698 0
699 0
700 0
701 0
702 0
703 0
704 0
705 0
706 0
707 0
708 0
709 0
710 0
711 0
712 0
713 0
714 0
715 0
716 0
717 0
718 0
719 0
720 0
721 0
722 0
723 0
724 0
725 0
726 0
727 0
728 0
729 0
730 0
731 0
732 0
733 0
734 0
735 0
736 0
737 0
738 0
739 0
740 0
741 0
742 0
743 0
744 0
745 0
746 0
747 0
748 0
749 0
750 0
751 0
752 0
753 0
754 0
755 0
756 0
757 0
758 0
759 0
760 0
761 0
762 0
763 0
764 0
765 0
766 0
767 0
768 0
769 0
770 0
771 0
772 0
773 0
774 0
775 0
776 0
777 0
778 0
779 0
780 0
781 0
782 0
783 0
784 0
785 0
786 0
787 0
788 0
789 0
790 0
791 0
792 0
793 0
794 0
795 0
796 0
797 0
798 0
799 0
800 0
801 0
802 0
803 0
804 0
805 0
806 0
807 0
808 0
809 0
810 0
811 0
812 0
813 0
814 0
815 0
816 0
817 0
818 0
819 0
820 0
821 0
822 0
823 0
824 0
825 0
826 0
827 0
828 0
829 0
830 0
831 0
832 0
833 0
834 0
835 0
836 0
837 0
838 0
839 0
840 0
841 0
842 0
843 0
844 0
845 0
846 0
847 0
848 0
849 0
850 0
851 0
852 0
853 0
854 0
855 0
856 0
857 0
858 0
859 0
860 0
861 0
862 0
863 0
864 0
865 0
866 0
867 0
868 0
869 0
870 0
871 0
872 0
873 0
874 0
875 0
876 0
877 0
878 0
879 0
880 0
881 0
882 0
883 0
884 0
885 0
886 0
887 0
888 0
889 0
890 0
891 0
892 0
893 0
894 0
895 0
896 0
897 0
898 0
899 0
900 0
901 0
902 0
903 0
904 0
905 0
906 0
907 0
908 0
909 0
910 0
911 0
912 0
913 0
914 0
915 0
916 0
917 0
918 0
919 0
920 0
921 0
922 0
923 0
924 0
925 0
926 0
927 0
928 1
929 0
930 2
931 0
932 3
933 0
934 4
935 0
936 5
937 0
938 6
939 0
940 7
941 0
942 8
943 0
944 255
945 255
946 255
947 255
948 255
949 255
950 255
951 255
952 255
953 255
954 255
955 255
956 255
957 255
958 255
959 255
960 255
961 255
962 255
963 255
964 255
965 255
966 255
967 255
968 255
969 255
970 255
971 255
972 255
973 255
974 255
975 255
976 255
977 255
978 255
979 255
980 255
981 255
982 255
983 255
984 255
985 255
986 255
987 255
988 255
989 255
990 255
991 255
992 255
993 255
994 255
995 255
996 255
997 255
998 255
999 255
1000 255
1001 255
1002 255
1003 255
1004 255
1005 255
1006 255
1007 255
1008 255
1009 255
1010 255
1011 255
1012 255
1013 255
1014 255
1015 255
1016 255
1017 255
1018 255
1019 255
1020 255
1021 255
1022 255
1023 255
