0 86
1 103
2 101
3 103
4 101
5 90
6 0
7 1
8 10
9 1
10 0
11 110
12 10
13 1
14 0
15 100
16 1
17 0
18 1
19 1
20 0
21 0
22 0
23 0
24 0
25 0
26 0
27 0
28 0
29 0
30 0
31 0
32 0
33 0
34 0
35 0
36 0
37 0
38 0
39 0
40 0
41 0
42 0
43 255
44 255
45 255
46 255
47 255
48 255
49 255
50 255
51 255
52 255
53 255
54 255
55 255
56 255
57 255
58 255
59 255
60 255
61 255
62 255
63 255
64 1
65 78
66 84
67 54
68 49
69 53
70 0
71 0
72 2
73 78
74 84
75 54
76 49
77 55
78 0
79 0
80 3
81 78
82 84
83 54
84 49
85 57
86 0
87 0
88 0
89 0
90 0
91 0
92 0
93 0
94 0
95 0
96 0
97 0
98 0
99 0
100 0
101 0
102 0
103 0
104 0
105 0
106 0
107 0
108 0
109 0
110 0
111 0
112 0
113 0
114 0
115 0
116 0
117 0
118 0
119 0
120 0
121 0
122 0
123 0
124 0
125 0
126 0
127 0
128 0
129 0
130 0
131 0
132 0
133 0
134 0
135 0
136 0
137 0
138 0
139 0
140 0
141 0
142 0
143 0
144 0
145 0
146 0
147 0
148 0
149 0
150 0
151 0
152 0
153 0
154 0
155 0
156 0
157 0
158 0
159 0
160 0
161 0
162 0
163 0
164 0
165 0
166 0
167 0
168 0
169 0
170 0
171 0
172 0
173 0
174 0
175 0
176 0
177 0
178 0
179 0
180 0
181 0
182 0
183 0
184 0
185 0
186 0
187 0
188 0
189 0
190 0
191 0
192 1
193 2
194 73
195 83
196 54
197 49
198 53
199 0
200 214
201 1
202 1
203 4
204 73
205 83
206 54
207 49
208 55
209 0
210 214
211 2
212 1
213 6
214 73
215 83
216 54
217 49
218 57
219 0
220 214
221 3
222 0
223 0
224 0
225 0
226 0
227 0
228 0
229 0
230 0
231 0
232 0
233 0
234 0
235 0
236 0
237 0
238 0
239 0
240 0
241 0
242 0
243 0
244 0
245 0
246 0
247 0
248 0
249 0
250 0
251 0
252 0
253 0
254 0
255 0
256 0
257 0
258 0
259 0
260 0
261 0
262 0
263 0
264 0
265 0
266 0
267 0
268 0
269 0
270 0
271 0
272 0
273 0
274 0
275 0
276 0
277 0
278 0
279 0
280 0
281 0
282 0
283 0
284 0
285 0
286 0
287 0
288 0
289 0
290 0
291 0
292 0
293 0
294 0
295 0
296 0
297 0
298 0
299 0
300 0
301 0
302 0
303 0
304 0
305 0
306 0
307 0
308 0
309 0
310 0
311 0
312 0
313 0
314 0
315 0
316 0
317 0
318 0
319 0
320 0
321 0
322 0
323 0
324 0
325 0
326 0
327 0
328 0
329 0
330 0
331 0
332 0
333 0
334 0
335 0
336 0
337 0
338 0
339 0
340 0
341 0
342 0
343 0
344 0
345 0
346 0
347 0
348 0
349 0
350 0
351 0
352 0
353 0
354 0
355 0
356 0
357 0
358 0
359 0
360 0
361 0
362 0
363 0
364 0
365 0
366 0
367 0
368 0
369 0
370 0
371 0
372 0
373 0
374 0
375 0
376 0
377 0
378 0
379 0
380 0
381 0
382 0
383 0
384 0
385 0
386 0
387 0
388 0
389 0
390 0
391 0
392 0
393 0
394 0
395 0
396 0
397 0
398 0
399 0
400 0
401 0
402 0
403 0
404 0
405 0
406 0
407 0
408 0
409 0
410 0
411 0
412 0
413 0
414 0
415 0
416 0
417 0
418 0
419 0
420 0
421 0
422 0
423 0
424 0
425 0
426 0
427 0
428 0
429 0
430 0
431 0
432 0
433 0
434 0
435 0
436 0
437 0
438 0
439 0
440 0
441 0
442 0
443 0
444 0
445 0
446 0
447 0
448 0
449 0
450 0
451 0
452 0
453 0
454 0
455 0
456 0
457 0
458 0
459 0
460 0
461 0
462 0
463 0
464 0
465 0
466 0
467 0
468 0
469 0
470 0
471 0
472 0
473 0
474 0
475 0
476 0
477 0
478 0
479 0
480 0
481 0
482 0
483 0
484 0
485 0
486 0
487 0
488 0
489 0
490 0
491 0
492 0
493 0
494 0
495 0
496 0
497 0
498 0
499 0
500 0
501 0
502 0
503 0
504 0
505 0
506 0
507 0
508 0
509 0
510 0
511 0
512 0
513 0
514 0
515 0
516 0
517 0
518 0
519 0
520 0
521 0
522 0
523 0
524 0
525 0
526 0
527 0
528 0
529 0
530 0
531 0
532 0
533 0
534 0
535 0
536 0
537 0
538 0
539 0
540 0
541 0
542 0
543 0
544 0
545 0
546 0
547 0
548 0
549 0
550 0
551 0
552 0
553 0
554 0
555 0
556 0
557 0
558 0
559 0
560 0
561 0
562 0
563 0
564 0
565 0
566 0
567 0
568 0
569 0
570 0
571 0
572 0
573 0
574 0
575 0
576 0
577 0
578 0
579 0
580 0
581 0
582 0
583 0
584 0
585 0
586 0
587 0
588 0
589 0
590 0
591 0
592 0
593 0
594 0
595 0
596 0
597 0
598 0
599 0
600 0
601 0
602 0
603 0
604 0
605 0
606 0
607 0
608 0
609 0
610 0
611 0
612 0
613 0
614 0
615 0
616 0
617 0
618 0
619 0
620 0
621 0
622 0
623 0
624 0
625 0
626 0
627 0
628 0
629 0
630 0
631 0
632 0
633 0
634 0
635 0
636 0
637 0
638 0
639 0
640 0
641 0
642 0
643 0
644 0
645 0
646 0
647 0
648 0
649 0
650 0
651 0
652 0
653 0
654 0
655 0
656 0
657 0
658 0
659 0
660 0
661 0
662 0
663 0
664 0
665 0
666 0
667 0
668 0
669 0
670 0
671 0
672 0
673 0
674 0
675 0
676 0
677 0
678 0
679 0
680 0
681 0
682 0
683 0
684 0
685 0
686 0
687 0
688 0
689 0
690 0
691 0
692 0
693 0
694 0
695 0
696 0
697 0
698 0
699 0
700 0
701 0
702 0
703 0
704 0
705 0
706 0
707 0
708 0
709 0
710 0
711 0
712 0
713 0
714 0
715 0
716 0
717 0
718 0
719 0
720 0
721 0
722 0
723 0
724 0
725 0
726 0
727 0
728 0
729 0
730 0
731 0
732 0
733 0
734 0
735 0
736 0
737 0
738 0
739 0
740 0
741 0
742 0
743 0
744 0
745 0
746 0
747 0
748 0
749 0
750 0
751 0
752 0
753 0
754 0
755 0
756 0
757 0
758 0
759 0
760 0
761 0
762 0
763 0
764 0
765 0
766 0
767 0
768 0
769 0
770 0
771 0
772 0
773 0
774 0
775 0
776 0
777 0
778 0
779 0
780 0
781 0
782 0
783 0
784 0
785 0
786 0
787 0
788 0
789 0
790 0
791 0
792 0
793 0
794 0
795 0
796 0
797 0
798 0
799 0
800 0
801 0
802 0
803 0
804 0
805 0
806 0
807 0
808 0
809 0
810 0
811 0
812 0
813 0
814 0
815 0
816 0
817 0
818 0
819 0
820 0
821 0
822 0
823 0
824 0
825 0
826 0
827 0
828 0
829 0
830 0
831 0
832 0
833 0
834 0
835 0
836 0
837 0
838 0
839 0
840 0
841 0
842 0
843 0
844 0
845 0
846 0
847 0
848 0
849 0
850 0
851 0
852 0
853 0
854 0
855 0
856 0
857 0
858 0
859 0
860 0
861 0
862 0
863 0
864 0
865 0
866 0
867 0
868 0
869 0
870 0
871 0
872 0
873 0
874 0
875 0
876 0
877 0
878 0
879 0
880 0
881 0
882 0
883 0
884 0
885 0
886 0
887 0
888 0
889 0
890 0
891 0
892 0
893 0
894 0
895 0
896 0
897 0
898 0
899 0
900 0
901 0
902 0
903 0
904 0
905 0
906 0
907 0
908 0
909 0
910 0
911 0
912 0
913 0
914 0
915 0
916 0
917 0
918 0
919 0
920 0
921 0
922 0
923 0
924 0
925 0
926 0
927 0
928 0
929 1
930 0
931 2
932 0
933 3
934 0
935 0
936 0
937 0
938 0
939 0
940 0
941 0
942 0
943 0
944 255
945 255
946 255
947 255
948 255
949 255
950 255
951 255
952 255
953 255
954 255
955 255
956 255
957 255
958 255
959 255
960 0
961 0
962 0
963 0
964 0
965 0
966 0
967 0
968 0
969 0
970 0
971 0
972 0
973 0
974 0
975 0
976 255
977 255
978 255
979 255
980 255
981 255
982 255
983 255
984 255
985 255
986 255
987 255
988 255
989 255
990 255
991 255
992 255
993 255
994 255
995 255
996 255
997 255
998 255
999 255
1000 255
1001 255
1002 255
1003 255
1004 255
1005 255
1006 255
1007 255
1008 255
1009 255
1010 255
1011 255
1012 255
1013 255
1014 255
1015 255
1016 255
1017 255
1018 255
1019 255
1020 255
1021 255
1022 255
1023 255
1024 0
1025 0
1026 0
1027 0
1028 0
1029 0
1030 0
1031 0
1032 0
1033 0
1034 0
1035 0
1036 0
1037 0
1038 0
1039 0
1040 0
1041 0
1042 0
1043 0
1044 0
1045 0
1046 0
1047 0
1048 0
1049 0
1050 0
1051 0
1052 0
1053 0
1054 0
1055 0
1056 0
1057 0
1058 0
1059 0
1060 0
1061 0
1062 0
1063 0
1064 0
1065 0
1066 0
1067 0
1068 0
1069 0
1070 0
1071 0
1072 0
1073 0
1074 0
1075 0
1076 0
1077 0
1078 0
1079 0
1080 0
1081 0
1082 0
1083 0
1084 0
1085 0
1086 0
1087 0
1088 0
1089 0
1090 0
1091 0
1092 0
1093 0
1094 0
1095 0
1096 0
1097 0
1098 0
1099 0
1100 0
1101 0
1102 0
1103 0
1104 0
1105 0
1106 0
1107 0
1108 0
1109 0
1110 0
1111 0
1112 0
1113 0
1114 0
1115 0
1116 0
1117 0
1118 0
1119 0
1120 0
1121 0
1122 0
1123 0
1124 0
1125 0
1126 0
1127 0
1128 0
1129 0
1130 0
1131 0
1132 0
1133 0
1134 0
1135 0
1136 0
1137 0
1138 0
1139 0
1140 0
1141 0
1142 0
1143 0
1144 0
1145 0
1146 0
1147 0
1148 0
1149 0
1150 0
1151 0
1152 0
1153 0
1154 0
1155 0
1156 0
1157 0
1158 0
1159 0
1160 0
1161 0
1162 0
1163 0
1164 0
1165 0
1166 0
1167 0
1168 0
1169 0
1170 0
1171 0
1172 0
1173 0
1174 0
1175 0
1176 0
1177 0
1178 0
1179 0
1180 0
1181 0
1182 0
1183 0
1184 0
1185 0
1186 0
1187 0
1188 0
1189 0
1190 0
1191 0
1192 0
1193 0
1194 0
1195 0
1196 0
1197 0
1198 0
1199 0
1200 0
1201 0
1202 0
1203 0
1204 0
1205 0
1206 0
1207 0
1208 0
1209 0
1210 0
1211 0
1212 0
1213 0
1214 0
1215 0
1216 0
1217 0
1218 0
1219 0
1220 0
1221 0
1222 0
1223 0
1224 0
1225 0
1226 0
1227 0
1228 0
1229 0
1230 0
1231 0
1232 0
1233 0
1234 0
1235 0
1236 0
1237 0
1238 0
1239 0
1240 0
1241 0
1242 0
1243 0
1244 0
1245 0
1246 0
1247 0
1248 0
1249 0
1250 0
1251 0
1252 0
1253 0
1254 0
1255 0
1256 0
1257 0
1258 0
1259 0
1260 0
1261 0
1262 0
1263 0
1264 0
1265 0
1266 0
1267 0
1268 0
1269 0
1270 0
1271 0
1272 0
1273 0
1274 0
1275 0
1276 0
1277 0
1278 0
1279 0
1280 255
1281 255
1282 255
1283 255
1284 255
1285 255
1286 255
1287 255
1288 255
1289 255
1290 255
1291 255
1292 255
1293 255
1294 255
1295 255
1296 255
1297 255
1298 255
1299 255
1300 255
1301 255
1302 255
1303 255
1304 255
1305 255
1306 255
1307 255
1308 255
1309 255
1310 255
1311 255
1312 255
1313 255
1314 255
1315 255
1316 255
1317 255
1318 255
1319 255
1320 255
1321 255
1322 255
1323 255
1324 255
1325 255
1326 255
1327 255
1328 255
1329 255
1330 255
1331 255
1332 255
1333 255
1334 255
1335 255
1336 255
1337 255
1338 255
1339 255
1340 255
1341 255
1342 255
1343 255
1344 255
1345 255
1346 255
1347 255
1348 255
1349 255
1350 255
1351 255
1352 255
1353 255
1354 255
1355 255
1356 255
1357 255
1358 255
1359 255
1360 255
1361 255
1362 255
1363 255
1364 255
1365 255
1366 255
1367 255
1368 255
1369 255
1370 255
1371 255
1372 255
1373 255
1374 255
1375 255
1376 255
1377 255
1378 255
1379 255
1380 255
1381 255
1382 255
1383 255
1384 255
1385 255
1386 255
1387 255
1388 255
1389 255
1390 255
1391 255
1392 255
1393 255
1394 255
1395 255
1396 255
1397 255
1398 255
1399 255
1400 255
1401 255
1402 255
1403 255
1404 255
1405 255
1406 255
1407 255
1408 255
1409 255
1410 255
1411 255
1412 255
1413 255
1414 255
1415 255
1416 255
1417 255
1418 255
1419 255
1420 255
1421 255
1422 255
1423 255
1424 255
1425 255
1426 255
1427 255
1428 255
1429 255
1430 255
1431 255
1432 255
1433 255
1434 255
1435 255
1436 255
1437 255
1438 255
1439 255
1440 255
1441 255
1442 255
1443 255
1444 255
1445 255
1446 255
1447 255
1448 255
1449 255
1450 255
1451 255
1452 255
1453 255
1454 255
1455 255
1456 255
1457 255
1458 255
1459 255
1460 255
1461 255
1462 255
1463 255
1464 255
1465 255
1466 255
1467 255
1468 255
1469 255
1470 255
1471 255
1472 255
1473 255
1474 255
1475 255
1476 255
1477 255
1478 255
1479 255
1480 255
1481 255
1482 255
1483 255
1484 255
1485 255
1486 255
1487 255
1488 255
1489 255
1490 255
1491 255
1492 255
1493 255
1494 255
1495 255
1496 255
1497 255
1498 255
1499 255
1500 255
1501 255
1502 255
1503 255
1504 255
1505 255
1506 255
1507 255
1508 255
1509 255
1510 255
1511 255
1512 255
1513 255
1514 255
1515 255
1516 255
1517 255
1518 255
1519 255
1520 255
1521 255
1522 255
1523 255
1524 255
1525 255
1526 255
1527 255
1528 255
1529 255
1530 255
1531 255
1532 255
1533 255
1534 255
1535 255
1536 255
1537 255
1538 255
1539 255
1540 255
1541 255
1542 255
1543 255
1544 255
1545 255
1546 255
1547 255
1548 255
1549 255
1550 255
1551 255
1552 255
1553 255
1554 255
1555 255
1556 255
1557 255
1558 255
1559 255
1560 255
1561 255
1562 255
1563 255
1564 255
1565 255
1566 255
1567 255
1568 255
1569 255
1570 255
1571 255
1572 255
1573 255
1574 255
1575 255
1576 255
1577 255
1578 255
1579 255
1580 255
1581 255
1582 255
1583 255
1584 255
1585 255
1586 255
1587 255
1588 255
1589 255
1590 255
1591 255
1592 255
1593 255
1594 255
1595 255
1596 255
1597 255
1598 255
1599 255
1600 255
1601 255
1602 255
1603 255
1604 255
1605 255
1606 255
1607 255
1608 255
1609 255
1610 255
1611 255
1612 255
1613 255
1614 255
1615 255
1616 255
1617 255
1618 255
1619 255
1620 255
1621 255
1622 255
1623 255
1624 255
1625 255
1626 255
1627 255
1628 255
1629 255
1630 255
1631 255
1632 255
1633 255
1634 255
1635 255
1636 255
1637 255
1638 255
1639 255
1640 255
1641 255
1642 255
1643 255
1644 255
1645 255
1646 255
1647 255
1648 255
1649 255
1650 255
1651 255
1652 255
1653 255
1654 255
1655 255
1656 255
1657 255
1658 255
1659 255
1660 255
1661 255
1662 255
1663 255
1664 255
1665 255
1666 255
1667 255
1668 255
1669 255
1670 255
1671 255
1672 255
1673 255
1674 255
1675 255
1676 255
1677 255
1678 255
1679 255
1680 255
1681 255
1682 255
1683 255
1684 255
1685 255
1686 255
1687 255
1688 255
1689 255
1690 255
1691 255
1692 255
1693 255
1694 255
1695 255
1696 255
1697 255
1698 255
1699 255
1700 255
1701 255
1702 255
1703 255
1704 255
1705 255
1706 255
1707 255
1708 255
1709 255
1710 255
1711 255
1712 255
1713 255
1714 255
1715 255
1716 255
1717 255
1718 255
1719 255
1720 255
1721 255
1722 255
1723 255
1724 255
1725 255
1726 255
1727 255
1728 255
1729 255
1730 255
1731 255
1732 255
1733 255
1734 255
1735 255
1736 255
1737 255
1738 255
1739 255
1740 255
1741 255
1742 255
1743 255
1744 255
1745 255
1746 255
1747 255
1748 255
1749 255
1750 255
1751 255
1752 255
1753 255
1754 255
1755 255
1756 255
1757 255
1758 255
1759 255
1760 255
1761 255
1762 255
1763 255
1764 255
1765 255
1766 255
1767 255
1768 255
1769 255
1770 255
1771 255
1772 255
1773 255
1774 255
1775 255
1776 255
1777 255
1778 255
1779 255
1780 255
1781 255
1782 255
1783 255
1784 255
1785 255
1786 255
1787 255
1788 255
1789 255
1790 255
1791 255
1792 255
1793 255
1794 255
1795 255
1796 255
1797 255
1798 255
1799 255
1800 255
1801 255
1802 255
1803 255
1804 255
1805 255
1806 255
1807 255
1808 255
1809 255
1810 255
1811 255
1812 255
1813 255
1814 255
1815 255
1816 255
1817 255
1818 255
1819 255
1820 255
1821 255
1822 255
1823 255
1824 255
1825 255
1826 255
1827 255
1828 255
1829 255
1830 255
1831 255
1832 255
1833 255
1834 255
1835 255
1836 255
1837 255
1838 255
1839 255
1840 255
1841 255
1842 255
1843 255
1844 255
1845 255
1846 255
1847 255
1848 255
1849 255
1850 255
1851 255
1852 255
1853 255
1854 255
1855 255
1856 255
1857 255
1858 255
1859 255
1860 255
1861 255
1862 255
1863 255
1864 255
1865 255
1866 255
1867 255
1868 255
1869 255
1870 255
1871 255
1872 255
1873 255
1874 255
1875 255
1876 255
1877 255
1878 255
1879 255
1880 255
1881 255
1882 255
1883 255
1884 255
1885 255
1886 255
1887 255
1888 255
1889 255
1890 255
1891 255
1892 255
1893 255
1894 255
1895 255
1896 255
1897 255
1898 255
1899 255
1900 255
1901 255
1902 255
1903 255
1904 255
1905 255
1906 255
1907 255
1908 255
1909 255
1910 255
1911 255
1912 255
1913 255
1914 255
1915 255
1916 255
1917 255
1918 255
1919 255
1920 255
1921 255
1922 255
1923 255
1924 255
1925 255
1926 255
1927 255
1928 255
1929 255
1930 255
1931 255
1932 255
1933 255
1934 255
1935 255
1936 255
1937 255
1938 255
1939 255
1940 255
1941 255
1942 255
1943 255
1944 255
1945 255
1946 255
1947 255
1948 255
1949 255
1950 255
1951 255
1952 255
1953 255
1954 255
1955 255
1956 255
1957 255
1958 255
1959 255
1960 255
1961 255
1962 255
1963 255
1964 255
1965 255
1966 255
1967 255
1968 255
1969 255
1970 255
1971 255
1972 255
1973 255
1974 255
1975 255
1976 255
1977 255
1978 255
1979 255
1980 255
1981 255
1982 255
1983 255
1984 255
1985 255
1986 255
1987 255
1988 255
1989 255
1990 255
1991 255
1992 255
1993 255
1994 255
1995 255
1996 255
1997 255
1998 255
1999 255
2000 255
2001 255
2002 255
2003 255
2004 255
2005 255
2006 255
2007 255
2008 255
2009 255
2010 255
2011 255
2012 255
2013 255
2014 255
2015 255
2016 255
2017 255
2018 255
2019 255
2020 255
2021 255
2022 255
2023 255
2024 255
2025 255
2026 255
2027 255
2028 255
2029 255
2030 255
2031 255
2032 255
2033 255
2034 255
2035 255
2036 255
2037 255
2038 255
2039 255
2040 255
2041 255
2042 255
2043 255
2044 255
2045 255
2046 255
2047 255
